36022
42855
37862
42928
56065
26992
34625
56632
57707
4193
1069
2662
21506
47952
63023
19587
44050
99
23318
18361
30019
10518
60638
48158
50269
39168
9302
63931
6749
55603
21726
21437
6273
36700
9070
64089
44541
61206
57229
21106
23390
39477
47755
55330
60325
4589
41923
22442
36052
47944
50977
13783
35457
32091
39078
10146
29264
23395
48092
1677
3275
22724
25539
63269
6837
60662
26272
20077
2235
20977
52191
9394
63015
52475
8369
20041
16645
32813
9502
10113
57203
26230
7739
50827
52291
25899
13951
26353
45579
12543
12768
19519
23534
31031
27579
40783
44239
65279
40944
33092
27834
4253
41483
29465
61214
13460
35964
24271
52076
36931
33131
51728
53995
60510
9841
42977
25223
55248
8025
43473
50126
50059
61780
1874
46705
32762
39709
17860
30791
748
30306
21393
52956
3003
32549
7823
8124
7929
13607
61504
36245
29582
62982
11110
11474
5372
58053
19524
39962
33282
19731
12771
57657
65485
59020
2299
10875
20787
53697
41794
42254
23258
35225
28070
45953
55547
53799
36900
33110
52842
32400
26686
56078
58862
27745
34362
51790
3142
15800
33599
17719
371
58285
30081
9095
14410
12549
58923
62865
52114
25970
3300
36098
38009
53979
44216
24484
1847
33692
22644
5593
44191
45448
40709
53896
8726
11510
52625
9750
2468
49369
39743
21278
20837
38761
23456
3779
35068
33334
53129
18795
29983
25425
35391
46188
53504
21279
14619
40690
54142
14924
10249
46465
65279
41242
48108
3383
26331
20267
36701
25443
39002
55628
35924
25777
59450
28668
4279
16905
64514
43344
37500
34254
63762
52804
42121
34680
3617
36374
58764
40677
53032
15585
41146
16788
39885
48340
31464
812
36234
26173
53279
24051
258
10577
44021
38922
1542
26803
62615
52410
61264
52241
17193
26476
63137
23130
28344
23730
53241
21046
22381
24288
63210
28823
32785
48158
8284
4117
23310
42155
12599
60204
24457
16125
21495
26324
27071
13591
46114
28066
8538
43192
15203
52362
3954
43957
41170
9532
18084
15482
44032
19905
30727
13637
47846
62689
41642
50344
10303
44627
13842
43145
59152
58274
9762
5932
38094
18162
38203
44343
62910
13768
2872
55714
39669
23528
47873
43447
44880
60307
53034
60807
13567
61650
44754
59793
30653
56344
24727
63987
1409
3173
49357
3974
1967
17889
60390
64923
34496
63110
44189
28620
43377
31294
47476
45324
54185
14914
17471
24569
8250
15218
41807
50774
51200
7271
25776
58232
57507
33056
49856
49331
31182
50897
29886
23715
35181
39337
6122
13263
39460
40881
46214
5088
39887
2656
6197
47032
8132
9054
12894
30544
19188
9153
16990
50095
47682
7784
20531
61179
55917
64020
4423
61257
61613
21778
25227
640
27569
22051
59642
52909
31452
31847
6345
22196
19189
15604
58225
48083
22746
59518
3162
47803
50175
57511
46351
25623
26661
31411
2780
5508
18345
10226
15082
56956
47790
10724
28034
34228
13126
31951
42816
25720
49095
62964
5673
28514
56099
15959
43716
33836
25475
14123
30965
33856
37316
1267
27557
51277
42277
297
28514
3075
17833
58178
38242
24370
51611
49294
28701
54312
63402
61799
20194
16331
15157
20876
11550
14196
48197
48040
28254
43121
23563
36091
34753
40642
12907
41096
54547
39108
3269
45233
16622
46594
23195
50625
30410
5420
28079
5929
51590
20848
33121
3791
13223
38801
27737
27087
7573
43132
32908
27374
21723
3684
1061
55392
41757
7390
62121
58309
12059
12318
46210
59207
39779
15811
5271
4364
10234
46785
37827
5617
54290
6182
63816
63739
7575
19456
37306
62808
60340
11954
25598
61509
64044
35868
61852
18029
43834
42176
5525
49134
3955
35492
48841
24328
44185
16729
39347
12873
45041
45460
1152
25477
50379
61508
43237
11229
24221
43153
56485
55876
28058
20620
1285
40967
55157
12090
65031
48548
47640
45317
19833
1178
9701
31424
20196
30772
13990
38083
43285
25297
63537
46161
9367
9786
29676
31357
19385
51018
24875
43775
17824
3774
57890
11095
52743
40439
17390
43299
30585
34238
4238
18063
1445
31259
46963
41592
24047
20546
23324
6404
36100
58841
51749
40295
46570
12897
36455
4248
29079
6122
12250
20284
33241
34439
4261
17618
36849
55657
36555
24638
37428
40054
44106
40799
64831
30949
21109
45546
61643
9696
12108
10303
32250
25376
9599
20162
6599
9617
45156
56009
29165
56603
30220
24684
39324
44417
29117
12747
52688
26221
45592
42537
39771
14162
1744
19058
45845
32254
15296
27330
12044
35334
39302
5839
63160
56980
28574
59009
37907
61169
59591
39436
28702
52193
31120
20194
40901
61241
57603
37297
14684
46076
7838
37622
27811
62062
32128
16538
8818
15458
5317
59573
56045
56827
63329
18787
31062
52478
64492
56503
3967
17539
9643
42878
61649
52942
36162
35607
2605
52081
22486
57145
57487
7964
8386
1381
41223
11331
58006
28247
20717
43890
15027
44797
43588
40541
3316
24598
17748
50607
27972
34336
58043
34158
2541
43192
32834
33513
31916
58787
11040
63403
12572
38380
35895
25358
24172
18461
2679
3703
46892
12977
11579
37465
24218
64210
114
64307
48416
63115
32432
20771
28754
31708
5799
35142
43943
31017
59797
29087
28844
29756
19408
3504
30208
11468
53125
26232
60900
56294
59533
50081
36414
21267
16133
4219
54925
56037
35156
15597
2767
30983
17907
21683
20213
26665
44419
56409
48051
51312
32553
34724
52499
31658
59332
18206
46010
26086
18592
58766
34232
59106
24639
23063
6311
58406
42932
41691
10180
35797
13624
30326
58165
36487
16712
39737
56479
47134
27427
59638
38451
60851
62440
18662
34632
57030
35147
50669
55883
29425
37432
31035
17818
51404
46220
54198
23083
42919
62536
9865
18875
39344
5580
1082
12562
38881
5769
64189
15293
45669
40483
36281
48137
28670
17818
16752
30183
37488
50928
59904
42051
28389
26137
31567
38983
21547
49206
58026
34673
24390
16422
22536
8795
18026
39952
22578
47351
50134
22101
38686
64530
29428
27156
41174
13666
50075
14392
13142
6506
38540
57831
13224
1923
44183
28858
18339
44642
11409
12397
54079
3336
38011
10478
20409
47891
46421
46925
37611
16003
14388
22561
49597
4637
19397
4787
57440
23859
48233
57917
33188
24004
62459
34181
13106
12029
23120
21968
23112
4703
51666
133
8868
16237
21861
4938
31560
44803
23454
21761
27028
29356
53225
34632
63012
10108
